200
1  1  2
2  2  3
3  3  4
4  4  5
5  5  6
6  6  7
7  7  8
8  8  9
9  9  10
10  10  11
11  11  12
12  12  13
13  13  14
14  14  15
15  15  16
16  16  17
17  17  18
18  18  19
19  19  20
20  20  21
21  21  22
22  22  23
23  23  24
24  24  25
25  25  26
26  26  27
27  27  28
28  28  29
29  29  30
30  30  31
31  31  32
32  32  33
33  33  34
34  34  35
35  35  36
36  36  37
37  37  38
38  38  39
39  39  40
40  40  41
41  41  42
42  42  43
43  43  44
44  44  45
45  45  46
46  46  47
47  47  48
48  48  49
49  49  50
50  50  51
51  51  52
52  52  53
53  53  54
54  54  55
55  55  56
56  56  57
57  57  58
58  58  59
59  59  60
60  60  61
61  61  62
62  62  63
63  63  64
64  64  65
65  65  66
66  66  67
67  67  68
68  68  69
69  69  70
70  70  71
71  71  72
72  72  73
73  73  74
74  74  75
75  75  76
76  76  77
77  77  78
78  78  79
79  79  80
80  80  81
81  81  82
82  82  83
83  83  84
84  84  85
85  85  86
86  86  87
87  87  88
88  88  89
89  89  90
90  90  91
91  91  92
92  92  93
93  93  94
94  94  95
95  95  96
96  96  97
97  97  98
98  98  99
99  99  100
100  43  76
101  76  6
102  66  30
103  51  71
104  70  86
105  15  52
106  76  5
107  50  64
108  68  82
109  34  96
110  9  52
111  67  23
112  66  19
113  49  9
114  3  55
115  3  57
116  29  8
117  9  94
118  83  7
119  47  80
120  63  40
121  58  24
122  96  40
123  22  71
124  22  16
125  27  13
126  89  26
127  64  80
128  17  86
129  72  70
130  51  94
131  8  76
132  45  48
133  69  52
134  42  1
135  58  26
136  87  58
137  48  99
138  82  27
139  72  64
140  49  45
141  13  40
142  63  11
143  96  65
144  39  44
145  77  1
146  24  42
147  10  59
148  8  79
149  21  34
150  94  55
151  82  35
152  94  72
153  46  67
154  84  13
155  46  23
156  53  45
157  85  41
158  100  71
159  43  52
160  64  50
161  92  80
162  96  50
163  88  27
164  31  54
165  11  6
166  98  69
167  63  68
168  41  36
169  16  6
170  46  12
171  44  13
172  30  1
173  64  10
174  73  35
175  1  61
176  76  1
177  91  23
178  86  23
179  51  21
180  23  30
181  57  42
182  23  68
183  40  98
184  98  19
185  21  36
186  19  28
187  72  10
188  81  63
189  95  78
190  82  75
191  38  35
192  46  4
193  45  81
194  54  97
195  41  9
196  42  63
197  39  82
198  1  6
199  100  74
200  31  42
