200
1  1  2
2  2  3
3  3  4
4  4  5
5  5  6
6  6  7
7  7  8
8  8  9
9  9  10
10  10  11
11  11  12
12  12  13
13  13  14
14  14  15
15  15  16
16  16  17
17  17  18
18  18  19
19  19  20
20  20  21
21  21  22
22  22  23
23  23  24
24  24  25
25  25  26
26  26  27
27  27  28
28  28  29
29  29  30
30  30  31
31  31  32
32  32  33
33  33  34
34  34  35
35  35  36
36  36  37
37  37  38
38  38  39
39  39  40
40  40  41
41  41  42
42  42  43
43  43  44
44  44  45
45  45  46
46  46  47
47  47  48
48  48  49
49  49  50
50  50  51
51  51  52
52  52  53
53  53  54
54  54  55
55  55  56
56  56  57
57  57  58
58  58  59
59  59  60
60  44  14
61  45  21
62  21  25
63  22  31
64  53  39
65  39  16
66  42  49
67  16  3
68  32  18
69  40  15
70  52  46
71  38  22
72  37  38
73  39  8
74  55  36
75  3  54
76  35  19
77  9  44
78  43  42
79  27  55
80  6  51
81  52  44
82  32  48
83  29  12
84  7  29
85  9  8
86  29  14
87  24  36
88  20  3
89  26  44
90  15  39
91  30  14
92  48  37
93  3  20
94  47  3
95  23  22
96  31  34
97  24  53
98  3  31
99  43  56
100  5  44
101  34  55
102  52  34
103  1  21
104  41  1
105  58  34
106  34  18
107  46  10
108  11  60
109  20  21
110  54  41
111  54  35
112  3  51
113  32  34
114  26  35
115  29  5
116  7  42
117  37  28
118  32  1
119  24  50
120  51  16
121  53  1
122  9  44
123  42  13
124  45  42
125  1  42
126  54  57
127  59  44
128  37  22
129  33  10
130  25  8
131  35  51
132  3  17
133  21  44
134  44  22
135  37  52
136  5  46
137  21  20
138  5  21
139  43  34
140  25  42
141  18  42
142  10  12
143  7  24
144  54  52
145  54  42
146  48  25
147  33  29
148  27  60
149  13  1
150  46  8
151  47  36
152  55  21
153  23  42
154  60  24
155  10  1
156  48  58
157  60  17
158  20  50
159  39  37
160  29  12
161  38  27
162  45  19
163  41  53
164  36  59
165  30  28
166  41  23
167  23  38
168  53  50
169  60  47
170  48  21
171  39  31
172  9  43
173  58  43
174  16  33
175  15  48
176  38  16
177  30  58
178  37  10
179  53  42
180  44  52
181  1  22
182  36  18
183  53  34
184  49  39
185  44  7
186  37  41
187  7  36
188  47  30
189  40  38
190  35  55
191  2  42
192  18  33
193  6  23
194  26  57
195  9  57
196  10  36
197  50  34
198  40  38
199  11  41
200  5  48
