500
1  1  2
2  2  3
3  3  4
4  4  5
5  5  6
6  6  7
7  7  8
8  8  9
9  9  10
10  10  11
11  11  12
12  12  13
13  13  14
14  14  15
15  15  16
16  16  17
17  17  18
18  18  19
19  19  20
20  20  21
21  21  22
22  22  23
23  23  24
24  24  25
25  25  26
26  26  27
27  27  28
28  28  29
29  29  30
30  30  31
31  31  32
32  32  33
33  33  34
34  34  35
35  35  36
36  36  37
37  37  38
38  38  39
39  39  40
40  40  41
41  41  42
42  42  43
43  43  44
44  44  45
45  45  46
46  46  47
47  47  48
48  48  49
49  49  50
50  50  51
51  51  52
52  52  53
53  53  54
54  54  55
55  55  56
56  56  57
57  57  58
58  58  59
59  59  60
60  60  61
61  61  62
62  62  63
63  63  64
64  64  65
65  65  66
66  66  67
67  67  68
68  68  69
69  69  70
70  70  71
71  71  72
72  72  73
73  73  74
74  74  75
75  75  76
76  76  77
77  77  78
78  78  79
79  79  80
80  80  81
81  81  82
82  82  83
83  83  84
84  84  85
85  85  86
86  86  87
87  87  88
88  88  89
89  89  90
90  90  91
91  91  92
92  92  93
93  93  94
94  94  95
95  95  96
96  96  97
97  97  98
98  98  99
99  99  100
100  100  101
101  101  102
102  102  103
103  103  104
104  104  105
105  105  106
106  106  107
107  107  108
108  108  109
109  109  110
110  110  111
111  111  112
112  112  113
113  113  114
114  114  115
115  115  116
116  116  117
117  117  118
118  118  119
119  119  120
120  120  121
121  121  122
122  122  123
123  123  124
124  124  125
125  125  126
126  126  127
127  127  128
128  128  129
129  129  130
130  130  131
131  131  132
132  132  133
133  133  134
134  134  135
135  135  136
136  136  137
137  137  138
138  138  139
139  139  140
140  140  141
141  141  142
142  142  143
143  143  144
144  144  145
145  145  146
146  146  147
147  147  148
148  148  149
149  149  150
150  106  95
151  45  71
152  14  18
153  60  92
154  42  71
155  150  128
156  44  83
157  144  9
158  26  52
159  36  117
160  55  56
161  116  50
162  46  76
163  105  17
164  30  114
165  49  77
166  96  121
167  56  35
168  17  40
169  29  64
170  143  36
171  93  66
172  124  22
173  18  20
174  93  122
175  90  39
176  62  71
177  35  7
178  92  90
179  136  119
180  134  98
181  142  58
182  145  24
183  102  86
184  70  20
185  50  22
186  57  103
187  77  101
188  106  25
189  8  117
190  123  90
191  140  144
192  18  14
193  8  58
194  34  49
195  50  120
196  123  85
197  116  150
198  103  91
199  71  84
200  50  64
201  59  35
202  100  88
203  19  102
204  120  64
205  64  83
206  38  51
207  60  41
208  139  129
209  121  108
210  53  125
211  106  63
212  94  120
213  9  47
214  63  51
215  91  98
216  23  86
217  56  57
218  20  113
219  130  51
220  14  93
221  93  74
222  4  75
223  75  130
224  96  129
225  86  136
226  14  124
227  93  138
228  131  35
229  148  79
230  118  110
231  51  34
232  19  14
233  32  135
234  150  127
235  27  80
236  86  74
237  69  61
238  137  138
239  79  114
240  85  98
241  7  57
242  115  133
243  35  72
244  71  10
245  10  137
246  149  81
247  63  47
248  2  20
249  69  62
250  46  43
251  143  118
252  39  33
253  46  80
254  91  35
255  111  136
256  69  132
257  64  63
258  16  46
259  58  60
260  127  120
261  138  106
262  44  53
263  91  17
264  51  39
265  111  11
266  83  18
267  4  84
268  5  42
269  24  129
270  122  118
271  147  57
272  93  41
273  106  99
274  144  63
275  74  94
276  111  84
277  77  21
278  5  1
279  110  81
280  140  87
281  13  109
282  98  82
283  102  123
284  23  122
285  128  141
286  48  140
287  140  18
288  45  122
289  8  98
290  62  75
291  133  51
292  9  119
293  119  65
294  24  56
295  112  111
296  3  97
297  62  115
298  127  20
299  148  25
300  138  65
301  60  134
302  146  68
303  64  125
304  68  84
305  74  68
306  42  81
307  127  57
308  2  54
309  124  33
310  103  100
311  128  37
312  30  104
313  22  102
314  98  33
315  85  88
316  27  115
317  65  19
318  80  124
319  13  21
320  6  59
321  83  80
322  127  89
323  4  140
324  110  35
325  112  82
326  91  94
327  73  105
328  58  134
329  8  19
330  13  25
331  33  140
332  129  140
333  121  100
334  25  139
335  37  68
336  91  118
337  87  109
338  9  136
339  78  87
340  59  17
341  137  92
342  8  74
343  14  135
344  91  62
345  51  21
346  39  4
347  148  38
348  99  27
349  93  45
350  65  40
351  124  39
352  110  84
353  81  148
354  22  72
355  22  92
356  144  74
357  100  149
358  97  100
359  48  119
360  125  65
361  118  81
362  122  95
363  54  57
364  123  150
365  111  20
366  124  24
367  21  98
368  13  135
369  74  93
370  29  117
371  57  95
372  48  92
373  122  8
374  77  133
375  63  137
376  136  19
377  107  82
378  126  71
379  28  110
380  32  7
381  72  77
382  20  77
383  16  141
384  107  40
385  82  121
386  24  8
387  143  47
388  150  126
389  57  26
390  35  145
391  47  79
392  18  51
393  7  32
394  62  67
395  114  117
396  59  94
397  41  77
398  20  118
399  142  62
400  69  17
401  111  128
402  84  31
403  26  150
404  38  129
405  128  108
406  150  100
407  31  131
408  3  25
409  53  71
410  21  140
411  50  135
412  120  75
413  61  140
414  13  57
415  143  3
416  122  128
417  9  31
418  57  41
419  30  149
420  105  140
421  35  5
422  65  73
423  63  26
424  94  115
425  97  1
426  25  146
427  63  49
428  94  88
429  40  57
430  103  56
431  128  138
432  109  20
433  39  56
434  47  84
435  38  37
436  109  108
437  74  22
438  59  22
439  63  51
440  103  99
441  12  131
442  84  9
443  31  97
444  73  145
445  81  94
446  65  129
447  8  121
448  145  55
449  74  135
450  147  50
451  98  6
452  87  11
453  7  11
454  142  83
455  95  149
456  89  129
457  37  27
458  16  70
459  31  9
460  15  49
461  39  86
462  45  95
463  8  76
464  88  80
465  20  94
466  57  115
467  12  131
468  108  31
469  56  60
470  98  14
471  88  96
472  79  47
473  92  134
474  61  122
475  22  140
476  45  110
477  16  65
478  82  8
479  31  124
480  115  34
481  141  31
482  80  20
483  14  98
484  60  3
485  1  10
486  7  19
487  27  24
488  135  86
489  44  2
490  26  135
491  20  80
492  35  84
493  148  21
494  139  25
495  93  97
496  121  141
497  56  124
498  72  42
499  138  8
500  81  104
