100
1  1  2
2  2  3
3  3  4
4  4  5
5  5  6
6  6  7
7  7  8
8  8  9
9  9  10
10  10  11
11  11  12
12  12  13
13  13  14
14  14  15
15  15  16
16  16  17
17  17  18
18  18  19
19  19  20
20  20  21
21  21  22
22  22  23
23  23  24
24  24  25
25  25  26
26  26  27
27  27  28
28  28  29
29  29  30
30  30  31
31  31  32
32  32  33
33  33  34
34  34  35
35  35  36
36  36  37
37  37  38
38  38  39
39  39  40
40  40  41
41  41  42
42  42  43
43  43  44
44  44  45
45  45  46
46  46  47
47  47  48
48  48  49
49  49  50
50  8  20
51  42  5
52  18  21
53  13  3
54  26  28
55  49  32
56  25  27
57  36  47
58  34  47
59  47  26
60  9  36
61  41  20
62  20  23
63  35  30
64  22  41
65  7  30
66  31  17
67  10  45
68  12  22
69  43  33
70  21  34
71  29  22
72  26  38
73  3  21
74  34  31
75  16  36
76  36  24
77  37  50
78  25  28
79  28  20
80  7  37
81  19  50
82  36  27
83  36  27
84  31  48
85  6  17
86  36  33
87  19  9
88  42  13
89  43  34
90  25  3
91  14  39
92  1  27
93  34  31
94  10  20
95  12  43
96  43  5
97  24  15
98  12  1
99  11  19
100  5  48
