100
1  1  2
2  2  3
3  3  4
4  4  5
5  5  6
6  6  7
7  7  8
8  8  9
9  9  10
10  10  11
11  11  12
12  12  13
13  13  14
14  14  15
15  15  16
16  16  17
17  17  18
18  18  19
19  19  20
20  20  21
21  21  22
22  22  23
23  23  24
24  24  25
25  25  26
26  26  27
27  27  28
28  28  29
29  29  30
30  30  31
31  31  32
32  32  33
33  33  34
34  34  35
35  35  36
36  36  37
37  37  38
38  38  39
39  39  40
40  37  39
41  27  19
42  20  8
43  36  11
44  33  26
45  34  15
46  16  21
47  3  19
48  38  9
49  37  9
50  34  28
51  1  25
52  17  5
53  36  39
54  38  8
55  35  22
56  13  23
57  14  19
58  8  30
59  7  35
60  37  35
61  13  37
62  8  24
63  28  5
64  10  29
65  11  10
66  18  17
67  30  19
68  12  39
69  28  33
70  29  26
71  14  6
72  11  38
73  34  18
74  3  15
75  36  27
76  4  30
77  40  14
78  24  31
79  29  21
80  30  19
81  33  18
82  14  39
83  5  14
84  10  38
85  11  9
86  24  22
87  8  13
88  26  16
89  23  29
90  20  15
91  14  26
92  11  38
93  10  39
94  10  5
95  40  18
96  21  35
97  28  21
98  19  8
99  28  21
100  1  7
